#ID	cores	runtime	waittime	expFactor ratio_d ratio_s
 34 401   3 158 53.67 0.21 0.50 LrgSht
 84 401   3 152 51.67 0.21 0.50 LrgSht
  4 401   3 149 50.67 0.21 0.50 LrgSht
 46 200  15  16 2.07 1.05 0.25 SmlLng
 44 401   3 140 47.67 0.21 0.50 LrgSht
 74 401   3 137 46.67 0.21 0.50 LrgSht
 11  50  10  96 10.60 0.70 0.06 SmlSht
 96 200  15  16 2.07 1.05 0.25 SmlLng
 77  24  30  46 2.53 2.10 0.03 SmlLng
 40 100   5  96 20.20 0.35 0.12 SmlSht
 55  10   5  67 14.40 0.35 0.01 SmlSht
 79   1  35  32 1.91 2.45 0.00 SmlLng
 22 150  15  46 4.07 1.05 0.19 SmlLng
 31  50  10  96 10.60 0.70 0.06 SmlSht
 36 200  15  31 3.07 1.05 0.25 SmlLng
 28  64  20  76 4.80 1.40 0.08 SmlLng
 50 100   5  96 20.20 0.35 0.12 SmlSht
 17  24  30  32 2.07 2.10 0.03 SmlLng
  2 150  15  62 5.13 1.05 0.19 SmlLng
 56 200  15   1 1.07 1.05 0.25 SmlLng
 98  64  20  77 4.85 1.40 0.08 SmlLng
 97  24  30  46 2.53 2.10 0.03 SmlLng
 27  24  30  61 3.03 2.10 0.03 SmlLng
 49   1  35  62 2.77 2.45 0.00 SmlLng
 82 150  15  61 5.07 1.05 0.19 SmlLng
 25  10   5  67 14.40 0.35 0.01 SmlSht
 39   1  35  32 1.91 2.45 0.00 SmlLng
 89   1  35  31 1.89 2.45 0.00 SmlLng
 86 200  15   1 1.07 1.05 0.25 SmlLng
 62 150  15  31 3.07 1.05 0.19 SmlLng
 32 150  15  47 4.13 1.05 0.19 SmlLng
 95  10   5  62 13.40 0.35 0.01 SmlSht
 85  10   5  67 14.40 0.35 0.01 SmlSht
 72 150  15  32 3.13 1.05 0.19 SmlLng
 16 200  15  16 2.07 1.05 0.25 SmlLng
 92 150  15  46 4.07 1.05 0.19 SmlLng
 35  10   5  67 14.40 0.35 0.01 SmlSht
 26 200  15  31 3.07 1.05 0.25 SmlLng
 47  24  30  46 2.53 2.10 0.03 SmlLng
 57  24  30  31 2.03 2.10 0.03 SmlLng
 59   1  35  46 2.31 2.45 0.00 SmlLng
 71  50  10  96 10.60 0.70 0.06 SmlSht
  6 200  15  17 2.13 1.05 0.25 SmlLng
  7  24  30  46 2.53 2.10 0.03 SmlLng
 69   1  35  31 1.89 2.45 0.00 SmlLng
 12 150  15  46 4.07 1.05 0.19 SmlLng
 19   1  35  46 2.31 2.45 0.00 SmlLng
  5  10   5  67 14.40 0.35 0.01 SmlSht
 30 100   5  96 20.20 0.35 0.12 SmlSht
 66 200  15   1 1.07 1.05 0.25 SmlLng
 37  24  30  61 3.03 2.10 0.03 SmlLng
 68  64  20  86 5.30 1.40 0.08 SmlLng
 87  24  30  31 2.03 2.10 0.03 SmlLng
 90 100   5 106 22.20 0.35 0.12 SmlSht
  3 300   5 106 22.20 0.35 0.38 SmlSht
 67  24  30  32 2.07 2.10 0.03 SmlLng
 63 300   5 111 23.20 0.35 0.38 SmlSht
 10 100   5 102 21.40 0.35 0.12 SmlSht
 80 100   5 101 21.20 0.35 0.12 SmlSht
  0 100   5  97 20.40 0.35 0.12 SmlSht
 70 100   5 101 21.20 0.35 0.12 SmlSht
 20 100   5 101 21.20 0.35 0.12 SmlSht
 60 100   5 101 21.20 0.35 0.12 SmlSht
 14 401   3 143 48.67 0.21 0.50 LrgSht
 81  50  10  86 9.60 0.70 0.06 SmlSht
 54 401   3 134 45.67 0.21 0.50 LrgSht
 24 401   3 155 52.67 0.21 0.50 LrgSht
 33 300   5 106 22.20 0.35 0.38 SmlSht
 64 401   3 146 49.67 0.21 0.50 LrgSht
 94 401   3 131 44.67 0.21 0.50 LrgSht
 13 300   5 126 26.20 0.35 0.38 SmlSht
 73 300   5 116 24.20 0.35 0.38 SmlSht
 83 300   5 121 25.20 0.35 0.38 SmlSht
 43 300   5 121 25.20 0.35 0.38 SmlSht
 53 300   5 126 26.20 0.35 0.38 SmlSht
  8  64  20  76 4.80 1.40 0.08 SmlLng
  1  50  10  76 8.60 0.70 0.06 SmlSht
 91  50  10  76 8.60 0.70 0.06 SmlSht
 75  10   5  62 13.40 0.35 0.01 SmlSht
 38  64  20  76 4.80 1.40 0.08 SmlLng
 18  64  20  76 4.80 1.40 0.08 SmlLng
 48  64  20  76 4.80 1.40 0.08 SmlLng
 15  10   5  62 13.40 0.35 0.01 SmlSht
 45  10   5  72 15.40 0.35 0.01 SmlSht
 29   1  35  62 2.77 2.45 0.00 SmlLng
 65  10   5  62 13.40 0.35 0.01 SmlSht
 42 150  15  61 5.07 1.05 0.19 SmlLng
 52 150  15  61 5.07 1.05 0.19 SmlLng
 61  50  10  91 10.10 0.70 0.06 SmlSht
 51  50  10  76 8.60 0.70 0.06 SmlSht
 41  50  10  86 9.60 0.70 0.06 SmlSht
 93 300   5 111 23.20 0.35 0.38 SmlSht
 88  64  20  76 4.80 1.40 0.08 SmlLng
 23 300   5 116 24.20 0.35 0.38 SmlSht
 21  50  10  76 8.60 0.70 0.06 SmlSht
  9   1  35  46 2.31 2.45 0.00 SmlLng
 99   1  35  46 2.31 2.45 0.00 SmlLng
 58  64  20  86 5.30 1.40 0.08 SmlLng
 78  64  20  77 4.85 1.40 0.08 SmlLng
 76 200  15   1 1.07 1.05 0.25 SmlLng
