100 1 5 10
50 1 10 10
150 1 15 10 
300 1 5 10
401 1 3 10
10 1 5 10
200 1 15 10
24 1 30 10
64 1 20 10
1 1 35 10
100 1 5 10
50 1 10 10
150 1 15 10 
300 1 5 10
401 1 3 10
10 1 5 10
200 1 15 10
24 1 30 10
64 1 20 10
1 1 35 10
100 1 5 10
50 1 10 10
150 1 15 10 
300 1 5 10
401 1 3 10
10 1 5 10
200 1 15 10
24 1 30 10
64 1 20 10
1 1 35 10
100 1 5 10
50 1 10 10
150 1 15 10 
300 1 5 10
401 1 3 10
10 1 5 10
200 1 15 10
24 1 30 10
64 1 20 10
1 1 35 10
100 1 5 10
50 1 10 10
150 1 15 10 
300 1 5 10
401 1 3 10
10 1 5 10
200 1 15 10
24 1 30 10
64 1 20 10
1 1 35 10
100 1 5 10
50 1 10 10
150 1 15 10 
300 1 5 10
401 1 3 10
10 1 5 10
200 1 15 10
24 1 30 10
64 1 20 10
1 1 35 10
100 1 5 10
50 1 10 10
150 1 15 10 
300 1 5 10
401 1 3 10
10 1 5 10
200 1 15 10
24 1 30 10
64 1 20 10
1 1 35 10
100 1 5 10
50 1 10 10
150 1 15 10 
300 1 5 10
401 1 3 10
10 1 5 10
200 1 15 10
24 1 30 10
64 1 20 10
1 1 35 10
100 1 5 10
50 1 10 10
150 1 15 10 
300 1 5 10
401 1 3 10
10 1 5 10
200 1 15 10
24 1 30 10
64 1 20 10
1 1 35 10
100 1 5 10
50 1 10 10
150 1 15 10 
300 1 5 10
401 1 3 10
10 1 5 10
200 1 15 10
24 1 30 10
64 1 20 10
1 1 35 10
