1 800 800 1.000 4
2 800 800 1.000 4
3 800 800 1.000 4
4 800 800 1.000 4
5 800 800 1.000 4
6 800 800 1.000 4
7 800 800 1.000 4
8 800 800 1.000 4
9 800 800 1.000 4
10 800 800 1.000 4
11 800 800 1.000 4
12 800 800 1.000 4
13 800 800 1.000 4
14 800 800 1.000 4
15 800 800 1.000 4
16 800 800 1.000 4
17 800 800 1.000 4
18 800 800 1.000 4
19 800 800 1.000 4
20 800 800 1.000 4
21 800 800 1.000 4
22 800 800 1.000 4
23 800 800 1.000 4
24 800 800 1.000 4
25 800 800 1.000 4
26 800 800 1.000 4
27 800 800 1.000 4
28 800 800 1.000 4
29 800 800 1.000 4
30 800 800 1.000 8
31 800 800 1.000 12
32 800 800 1.000 12
33 800 800 1.000 12
34 800 800 1.000 12
35 800 800 1.000 12
36 800 800 1.000 12
37 800 800 1.000 12
38 800 800 1.000 12
39 800 800 1.000 12
40 800 800 1.000 12
41 800 800 1.000 12
42 800 800 1.000 12
43 800 800 1.000 12
44 800 800 1.000 12
45 800 800 1.000 20
46 800 800 1.000 20
47 800 800 1.000 20
48 800 800 1.000 20
49 800 800 1.000 20
50 800 800 1.000 20
51 800 800 1.000 20
52 800 800 1.000 20
53 800 800 1.000 20
54 800 800 1.000 20
55 800 800 1.000 20
56 800 800 1.000 20
57 800 800 1.000 20
58 800 800 1.000 20
59 800 800 1.000 20
60 800 800 1.000 20
61 800 794 0.993 24
62 800 794 0.993 24
63 800 794 0.993 24
64 800 794 0.993 24
65 800 792 0.990 22
66 800 800 1.000 21
67 800 800 1.000 21
68 800 800 1.000 21
69 800 800 1.000 21
70 800 800 1.000 21
71 800 760 0.950 17
72 800 760 0.950 17
73 800 760 0.950 17
74 800 760 0.950 17
75 800 798 0.998 20
76 800 766 0.957 20
77 800 766 0.957 20
78 800 766 0.957 20
79 800 766 0.957 20
80 800 762 0.952 16
81 800 762 0.952 16
82 800 762 0.952 16
83 800 762 0.952 16
84 800 762 0.952 16
85 800 790 0.988 16
86 800 790 0.988 16
87 800 790 0.988 16
88 800 790 0.988 16
89 800 790 0.988 16
90 800 792 0.990 15
91 800 792 0.990 15
92 800 792 0.990 15
93 800 792 0.990 15
94 800 792 0.990 15
95 800 758 0.947 13
96 800 728 0.910 10
97 800 728 0.910 10
98 800 728 0.910 10
99 800 728 0.910 10
100 800 778 0.973 10
101 800 778 0.973 10
102 800 778 0.973 10
103 800 778 0.973 10
104 800 778 0.973 10
105 800 800 1.000 4
106 800 700 0.875 3
107 800 700 0.875 3
108 800 700 0.875 3
109 800 700 0.875 3
110 800 600 0.750 2
111 800 600 0.750 2
112 800 600 0.750 2
113 800 600 0.750 2
114 800 600 0.750 2
115 800 600 0.750 2
116 800 600 0.750 2
117 800 600 0.750 2
118 800 600 0.750 2
119 800 600 0.750 2
120 800 600 0.750 2
121 800 600 0.750 2
122 800 600 0.750 2
123 800 600 0.750 2
124 800 600 0.750 2
125 800 600 0.750 2
126 800 600 0.750 2
127 800 600 0.750 2
128 800 600 0.750 2
129 800 600 0.750 2
130 800 401 0.501 1
131 800 401 0.501 1
132 800 401 0.501 1
133 800 401 0.501 1
134 800 401 0.501 1
135 800 401 0.501 1
136 800 401 0.501 1
137 800 401 0.501 1
138 800 401 0.501 1
139 800 401 0.501 1
140 800 401 0.501 1
141 800 401 0.501 1
142 800 401 0.501 1
143 800 401 0.501 1
144 800 401 0.501 1
145 800 401 0.501 1
146 800 401 0.501 1
147 800 401 0.501 1
148 800 401 0.501 1
149 800 401 0.501 1
150 800 401 0.501 1
151 800 401 0.501 1
152 800 401 0.501 1
153 800 401 0.501 1
154 800 401 0.501 1
155 800 401 0.501 1
156 800 401 0.501 1
157 800 401 0.501 1
158 800 401 0.501 1
159 800 401 0.501 1
160 800 0 0.000 0
