0 65536 672 0.010 4
1 65536 736 0.011 5
2 65536 736 0.011 5
3 65536 736 0.011 5
4 65536 736 0.011 5
5 65536 769 0.012 7
6 65536 961 0.015 7
7 65536 961 0.015 7
8 65536 961 0.015 7
9 65536 961 0.015 7
10 65536 976 0.015 8
11 65536 976 0.015 8
12 65536 984 0.015 9
13 65536 984 0.015 9
14 65536 984 0.015 9
15 65536 1016 0.016 9
16 65536 1016 0.016 9
17 65536 1016 0.016 9
18 65536 1016 0.016 9
19 65536 888 0.014 9
20 65536 392 0.006 6
21 65536 392 0.006 6
22 65536 400 0.006 7
23 65536 656 0.010 8
24 65536 704 0.011 11
25 65536 640 0.010 10
26 65536 384 0.006 9
27 65536 384 0.006 9
28 65536 384 0.006 9
29 65536 384 0.006 9
30 65536 224 0.003 7
31 65536 224 0.003 7
32 65536 224 0.003 7
33 65536 224 0.003 7
34 65536 224 0.003 7
35 65536 224 0.003 7
36 65536 224 0.003 7
37 65536 224 0.003 7
38 65536 224 0.003 7
39 65536 224 0.003 7
40 65536 224 0.003 7
41 65536 224 0.003 7
42 65536 224 0.003 7
43 65536 224 0.003 7
44 65536 176 0.003 4
45 65536 176 0.003 4
46 65536 176 0.003 4
47 65536 176 0.003 4
48 65536 176 0.003 4
49 65536 176 0.003 4
50 65536 176 0.003 4
51 65536 176 0.003 4
52 65536 176 0.003 4
53 65536 176 0.003 4
54 65536 48 0.001 3
55 65536 48 0.001 3
56 65536 48 0.001 3
57 65536 48 0.001 3
58 65536 48 0.001 3
59 65536 48 0.001 3
60 65536 48 0.001 3
61 65536 48 0.001 3
62 65536 48 0.001 3
63 65536 48 0.001 3
64 65536 48 0.001 3
65 65536 48 0.001 3
66 65536 48 0.001 3
67 65536 48 0.001 3
68 65536 48 0.001 3
69 65536 48 0.001 3
70 65536 48 0.001 3
71 65536 48 0.001 3
72 65536 48 0.001 3
73 65536 48 0.001 3
74 65536 48 0.001 3
75 65536 48 0.001 3
76 65536 48 0.001 3
77 65536 48 0.001 3
78 65536 48 0.001 3
79 65536 48 0.001 3
80 65536 48 0.001 3
81 65536 48 0.001 3
82 65536 48 0.001 3
83 65536 48 0.001 3
84 65536 48 0.001 3
85 65536 48 0.001 3
86 65536 48 0.001 3
87 65536 48 0.001 3
88 65536 48 0.001 3
89 65536 48 0.001 3
90 65536 48 0.001 3
91 65536 48 0.001 3
92 65536 48 0.001 3
93 65536 48 0.001 3
94 65536 48 0.001 3
95 65536 48 0.001 3
96 65536 48 0.001 3
97 65536 48 0.001 3
98 65536 48 0.001 3
99 65536 48 0.001 3
100 65536 48 0.001 3
101 65536 48 0.001 3
102 65536 48 0.001 3
103 65536 48 0.001 3
104 65536 48 0.001 3
105 65536 48 0.001 3
106 65536 48 0.001 3
107 65536 48 0.001 3
108 65536 48 0.001 3
109 65536 48 0.001 3
110 65536 48 0.001 3
111 65536 48 0.001 3
112 65536 40 0.001 2
113 65536 40 0.001 2
114 65536 40 0.001 2
115 65536 40 0.001 2
116 65536 40 0.001 2
117 65536 40 0.001 2
118 65536 40 0.001 2
119 65536 40 0.001 2
120 65536 40 0.001 2
121 65536 40 0.001 2
122 65536 32 0.000 1
123 65536 32 0.000 1
124 65536 32 0.000 1
125 65536 32 0.000 1
126 65536 32 0.000 1
127 65536 32 0.000 1
128 65536 32 0.000 1
129 65536 32 0.000 1
130 65536 32 0.000 1
131 65536 32 0.000 1
132 65536 32 0.000 1
133 65536 32 0.000 1
134 65536 32 0.000 1
135 65536 32 0.000 1
136 65536 32 0.000 1
137 65536 32 0.000 1
138 65536 32 0.000 1
139 65536 32 0.000 1
140 65536 32 0.000 1
141 65536 32 0.000 1
142 65536 32 0.000 1
143 65536 32 0.000 1
144 65536 32 0.000 1
145 65536 32 0.000 1
146 65536 32 0.000 1
147 65536 32 0.000 1
148 65536 32 0.000 1
149 65536 32 0.000 1
150 65536 32 0.000 1
151 65536 32 0.000 1
152 65536 32 0.000 1
153 65536 32 0.000 1
154 65536 32 0.000 1
155 65536 32 0.000 1
156 65536 32 0.000 1
157 65536 32 0.000 1
158 65536 32 0.000 1
159 65536 32 0.000 1
160 65536 32 0.000 1
161 65536 32 0.000 1
162 65536 32 0.000 1
163 65536 32 0.000 1
164 65536 32 0.000 1
165 65536 32 0.000 1
166 65536 32 0.000 1
167 65536 32 0.000 1
168 65536 32 0.000 1
169 65536 32 0.000 1
170 65536 32 0.000 1
171 65536 32 0.000 1
172 65536 32 0.000 1
173 65536 32 0.000 1
174 65536 32 0.000 1
175 65536 32 0.000 1
176 65536 32 0.000 1
177 65536 32 0.000 1
178 65536 32 0.000 1
179 65536 32 0.000 1
180 65536 32 0.000 1
181 65536 32 0.000 1
182 65536 32 0.000 1
183 65536 32 0.000 1
184 65536 32 0.000 1
185 65536 32 0.000 1
186 65536 32 0.000 1
187 65536 32 0.000 1
188 65536 32 0.000 1
189 65536 32 0.000 1
190 65536 32 0.000 1
191 65536 32 0.000 1
192 65536 32 0.000 1
193 65536 32 0.000 1
194 65536 32 0.000 1
195 65536 32 0.000 1
196 65536 32 0.000 1
197 65536 32 0.000 1
198 65536 32 0.000 1
199 65536 32 0.000 1
200 65536 0 0.000 0
